['../../tests/euler_pseudoprimes.py']
array([3, 0, 1, 0, 0, 0, 0, 0, 0, 0, 0, 0, 0, 0, 0, 0, 0, 0, 0, 0, 0, 0,
       0, 0, 0, 0, 0, 0, 0, 0, 0, 0, 0, 0, 0, 0, 0, 0, 0, 0, 0, 0, 0, 0,
       0, 0, 0, 0, 0, 0, 0, 0, 0, 0, 0, 0, 0, 0, 0, 0, 0, 0, 0, 0, 0, 0,
       0, 0, 0, 0, 0, 0, 0, 0, 0, 0, 0, 0, 0, 0, 0, 0, 0, 0, 0, 0, 0, 0,
       0, 0, 0, 0, 0, 0, 0, 0, 0, 0, 0])
0.0404
(2, 0)
0m3.7445s

real	0m4.702s
user	0m4.710s
sys	0m0.411s
['../../tests/euler_pseudoprimes.py', '2']
array([3, 1, 0, 2, 2, 0, 1, 1, 1, 2, 5, 6, 2, 1, 0, 1, 0, 0, 1, 2, 1, 0,
       1, 1, 1, 1, 3, 0, 2, 0, 2, 3, 1, 0, 2, 2, 2, 1, 2, 5, 4, 1, 1, 1,
       3, 1, 1, 1, 2, 4, 2, 4, 0, 3, 1, 1, 3, 1, 6, 2, 3, 0, 2, 2, 1, 0,
       0, 0, 2, 2, 0, 3, 0, 2, 2, 2, 1, 2, 1, 1, 5, 2, 3, 1, 2, 1, 4, 0,
       1, 3, 2, 2, 1, 2, 0, 3, 2, 0, 2])
1.6667
(3, 0)
0m4.9907s

real	0m5.881s
user	0m5.859s
sys	0m0.389s
['../../tests/euler_pseudoprimes.py', '3']
array([2, 2, 1, 3, 0, 0, 1, 1, 1, 1, 0, 0, 0, 0, 1, 1, 2, 0, 1, 2, 2, 3,
       0, 2, 1, 3, 2, 3, 1, 3, 4, 3, 0, 1, 2, 1, 0, 2, 0, 3, 2, 3, 0, 1,
       1, 3, 0, 0, 2, 3, 1, 0, 0, 1, 0, 2, 1, 1, 2, 2, 2, 3, 3, 2, 0, 2,
       2, 4, 1, 1, 0, 2, 2, 2, 3, 1, 2, 1, 2, 3, 1, 4, 0, 1, 1, 3, 0, 3,
       2, 4, 2, 2, 0, 3, 2, 2, 2, 0, 3])
1.5455
(5, 0)
0m4.616s

real	0m5.497s
user	0m5.627s
sys	0m0.369s
['../../tests/euler_pseudoprimes.py', '5']
array([3, 0, 3, 1, 1, 0, 1, 3, 2, 1, 0, 1, 3, 1, 0, 2, 2, 1, 2, 0, 0, 2,
       3, 4, 0, 3, 2, 0, 2, 0, 2, 3, 1, 1, 1, 0, 2, 3, 2, 1, 0, 2, 1, 2,
       0, 0, 2, 2, 0, 1, 2, 0, 1, 1, 0, 2, 2, 0, 2, 1, 2, 0, 2, 0, 4, 0,
       2, 3, 1, 2, 2, 1, 1, 3, 1, 0, 1, 0, 3, 1, 3, 0, 1, 3, 2, 1, 0, 1,
       4, 1, 4, 1, 0, 1, 1, 2, 1, 1, 2])
1.3939
(2, 0)
0m4.1767s

real	0m5.044s
user	0m5.093s
sys	0m0.417s
['../../tests/euler_pseudoprimes.py', '2', '3']
array([0, 0, 0, 0, 0, 0, 0, 0, 0, 2, 0, 0, 2, 0, 0, 0, 0, 0, 0, 1, 0, 0,
       0, 0, 0, 0, 0, 0, 0, 0, 1, 0, 2, 0, 0, 1, 0, 1, 0, 0, 0, 2, 0, 0,
       0, 0, 0, 0, 0, 0, 0, 0, 0, 0, 1, 0, 0, 0, 0, 0, 0, 0, 0, 1, 1, 0,
       0, 0, 0, 0, 0, 0, 2, 0, 0, 0, 0, 0, 0, 1, 1, 0, 2, 0, 0, 2, 1, 1,
       0, 0, 0, 0, 0, 1, 0, 0, 0, 0, 0])
0.2626
(1, 0)
0m5.7912s

real	0m6.696s
user	0m6.821s
sys	0m0.412s
['../../tests/euler_pseudoprimes.py', '3', '5']
array([0, 0, 0, 0, 0, 1, 0, 1, 0, 0, 0, 0, 0, 0, 1, 0, 0, 0, 0, 0, 0, 0,
       0, 0, 0, 0, 0, 0, 1, 0, 0, 0, 0, 0, 0, 0, 1, 0, 0, 0, 0, 1, 0, 0,
       1, 0, 0, 1, 0, 0, 0, 0, 0, 0, 2, 0, 0, 0, 0, 0, 0, 0, 1, 0, 0, 1,
       2, 0, 1, 0, 1, 0, 0, 0, 0, 0, 0, 1, 0, 0, 0, 0, 1, 0, 0, 0, 0, 0,
       0, 0, 0, 0, 0, 0, 1, 0, 0, 0, 0])
0.1919
(1, 0)
0m6.1942s

real	0m7.083s
user	0m7.198s
sys	0m0.422s
['../../tests/euler_pseudoprimes.py', '2', '5']
array([1, 0, 0, 1, 0, 0, 0, 0, 0, 0, 0, 0, 0, 1, 0, 0, 1, 0, 0, 0, 0, 1,
       0, 0, 0, 0, 0, 1, 0, 0, 0, 0, 0, 0, 1, 0, 1, 1, 2, 0, 0, 1, 0, 0,
       1, 0, 0, 0, 0, 0, 0, 1, 0, 1, 0, 0, 0, 3, 1, 1, 0, 0, 0, 0, 0, 0,
       0, 1, 0, 0, 0, 0, 0, 0, 0, 1, 0, 0, 0, 0, 1, 1, 0, 0, 2, 0, 1, 1,
       0, 1, 1, 0, 0, 0, 0, 1, 0, 1, 0])
0.3232
(2, 0)
0m6.4065s

real	0m7.384s
user	0m7.460s
sys	0m0.449s
