['../../tests/mr_pseudoprimes.py']
array([0, 0, 0, 0, 0, 0, 0, 0, 0, 0, 0, 0, 0, 0, 0, 0, 0, 0, 0, 0, 0, 0,
       0, 0, 0, 0, 0, 0, 0, 0, 0, 0, 0, 0, 0, 0, 0, 0, 0, 0, 0, 0, 0, 0,
       0, 0, 0, 0, 0, 0, 0, 0, 0, 0, 0, 0, 0, 0, 0, 0, 0, 0, 0, 0, 0, 0,
       0, 0, 0, 0, 0, 0, 0, 0, 0, 0, 0, 0, 0, 0, 0, 0, 0, 0, 0, 0, 0, 0,
       0, 0, 0, 0, 0, 0, 0, 0, 0, 0, 0])
0.0
(1, 0)
0m5.8736s

real	0m6.855s
user	0m6.981s
sys	0m0.386s
['../../tests/mr_pseudoprimes.py', '2']
array([0, 0, 2, 1, 0, 0, 2, 0, 2, 1, 2, 3, 1, 2, 0, 1, 2, 2, 3, 6, 1, 1,
       0, 2, 1, 1, 0, 0, 0, 2, 1, 0, 0, 1, 1, 0, 0, 2, 2, 1, 1, 1, 0, 1,
       1, 1, 0, 2, 2, 2, 1, 2, 0, 0, 0, 2, 0, 1, 1, 1, 2, 2, 0, 1, 0, 0,
       2, 1, 0, 1, 1, 2, 2, 0, 1, 0, 2, 0, 1, 1, 0, 0, 1, 1, 0, 1, 2, 0,
       1, 0, 0, 0, 0, 0, 1, 0, 2, 1, 3])
0.9798
(1, 0)
0m4.8408s

real	0m5.716s
user	0m5.835s
sys	0m0.422s
['../../tests/mr_pseudoprimes.py', '3']
array([2, 1, 1, 0, 1, 1, 2, 0, 0, 1, 2, 0, 1, 0, 0, 2, 0, 2, 2, 0, 1, 1,
       1, 1, 0, 0, 1, 1, 0, 1, 2, 3, 0, 0, 2, 1, 1, 0, 1, 0, 0, 2, 3, 1,
       1, 0, 3, 1, 2, 0, 1, 1, 1, 0, 3, 1, 2, 1, 0, 2, 1, 2, 1, 1, 2, 1,
       0, 1, 4, 1, 1, 1, 0, 2, 1, 1, 1, 0, 2, 0, 0, 0, 0, 0, 0, 1, 2, 3,
       2, 1, 3, 1, 0, 4, 1, 0, 1, 1, 0])
1.0404
(4, 0)
0m5.1784s

real	0m6.055s
user	0m6.175s
sys	0m0.433s
['../../tests/mr_pseudoprimes.py', '5']
array([1, 0, 1, 0, 1, 5, 1, 0, 0, 1, 0, 1, 3, 0, 1, 0, 4, 0, 0, 1, 1, 0,
       0, 2, 2, 4, 0, 0, 0, 0, 1, 4, 1, 4, 1, 2, 0, 3, 1, 0, 2, 1, 1, 1,
       1, 2, 2, 2, 1, 1, 1, 3, 1, 4, 1, 1, 1, 3, 1, 2, 1, 3, 2, 0, 3, 1,
       2, 1, 2, 2, 2, 1, 1, 1, 2, 2, 3, 1, 0, 0, 0, 3, 4, 1, 1, 1, 1, 0,
       2, 3, 2, 0, 2, 1, 1, 2, 0, 5, 1])
1.3939
(2, 0)
0m4.76s

real	0m5.639s
user	0m5.732s
sys	0m0.445s
['../../tests/mr_pseudoprimes.py', '2', '3']
array([0, 0, 0, 0, 0, 0, 0, 0, 0, 0, 0, 0, 0, 0, 0, 0, 0, 0, 0, 0, 0, 0,
       0, 0, 0, 0, 0, 0, 1, 0, 0, 0, 0, 0, 0, 0, 0, 0, 0, 0, 0, 0, 0, 0,
       0, 0, 0, 0, 0, 0, 0, 0, 0, 0, 0, 0, 0, 0, 0, 0, 0, 0, 0, 0, 1, 0,
       1, 0, 0, 0, 0, 0, 0, 0, 0, 0, 0, 0, 1, 0, 0, 0, 0, 0, 0, 0, 0, 0,
       0, 0, 0, 0, 0, 0, 0, 0, 0, 0, 0])
0.0404
(1, 0)
0m7.3737s

real	0m8.303s
user	0m8.426s
sys	0m0.393s
['../../tests/mr_pseudoprimes.py', '3', '5']
array([0, 0, 0, 0, 0, 0, 0, 0, 0, 0, 0, 0, 0, 0, 0, 0, 0, 0, 0, 0, 0, 0,
       0, 0, 0, 0, 0, 0, 0, 0, 0, 0, 0, 0, 1, 0, 0, 0, 0, 0, 0, 0, 0, 1,
       0, 0, 0, 0, 0, 0, 0, 0, 0, 0, 0, 0, 0, 0, 0, 0, 2, 0, 0, 0, 0, 0,
       0, 0, 0, 0, 0, 0, 0, 0, 0, 0, 0, 1, 0, 0, 0, 0, 0, 0, 1, 0, 0, 0,
       0, 0, 0, 0, 1, 0, 0, 0, 1, 0, 0])
0.0808
(1, 0)
0m8.6448s

real	0m9.609s
user	0m9.673s
sys	0m0.435s
['../../tests/mr_pseudoprimes.py', '2', '5']
array([0, 1, 0, 0, 0, 0, 0, 0, 0, 0, 0, 0, 0, 0, 0, 0, 1, 1, 0, 0, 0, 0,
       0, 0, 0, 0, 0, 0, 0, 0, 0, 0, 0, 0, 0, 0, 0, 0, 0, 0, 0, 0, 0, 0,
       0, 0, 0, 0, 0, 0, 0, 0, 0, 0, 0, 0, 0, 0, 0, 0, 0, 0, 0, 0, 0, 0,
       0, 1, 0, 0, 0, 0, 0, 0, 0, 0, 0, 1, 0, 0, 0, 0, 0, 0, 0, 0, 0, 0,
       0, 0, 0, 0, 0, 0, 0, 0, 0, 0, 0])
0.0505
(1, 0)
0m8.2306s

real	0m9.214s
user	0m9.245s
sys	0m0.399s
